1756808762,1
1756808767,2
1756808772,3
1756808777,4
1756808782,5
1756808787,6
1756808792,7
1756808797,8
1756808802,9
1756808807,10
1756808812,11
1756808817,12
1756808822,13
1756808827,14
1756808832,15
1756808837,16
1756808842,17
1756808847,18
1756808852,19
1756808857,20
1756808862,21
1756808867,22
1756808872,23
1756808877,24
1756808882,25
1756808887,26
1756808892,27
1756808897,28
1756808902,29
1756808907,30
1756808912,31
1756808917,32
1756808922,33
1756808927,34
1756808932,35
1756808937,36
1756808942,37
1756808947,38
1756808952,39
1756808957,40
1756808962,41
1756808967,42
1756808972,43
1756808977,44
1756808982,45
1756808987,46
1756808992,47
1756808997,48
1756809002,49
1756809007,50
1756809012,51
1756809017,52
1756809022,53
1756809027,54
1756809032,55
1756809037,56
1756809042,57
1756809047,58
1756809052,59
1756809057,60
1756809063,61
1756809068,62
1756809073,63
1756809078,64
1756809083,65
1756809088,66
1756809093,67
1756809098,68
1756809103,69
1756809108,70
1756809113,71
1756809118,72
1756809123,73
1756809128,74
1756809133,75
1756809138,76
1756809143,77
1756809148,78
1756809153,79
1756809158,80
1756809163,81
1756809168,82
1756809173,83
1756809178,84
1756809183,85
1756809188,86
1756809193,87
1756809198,88
1756809203,89
1756809208,90
1756809213,91
1756809218,92
1756809223,93
1756809228,94
1756809233,95
1756809238,96
1756809243,97
1756809248,98
1756809253,99
1756809258,100
1756809263,101
1756809268,102
1756809273,103
1756809278,104
1756809283,105
1756809288,106
1756809293,107
1756809298,108
1756809303,109
1756809308,110
1756809313,111
1756809318,112
1756809323,113
1756809328,114
1756809333,115
1756809338,116
1756809343,117
1756809348,118
1756809353,119
1756809358,120
1756809363,121
1756809368,122
1756809373,123
1756809378,124
1756809383,125
1756809388,126
1756809393,127
1756809398,128
1756809403,129
1756809408,130
1756809413,131
1756809418,132
1756809423,133
1756809428,134
1756809433,135
1756809438,136
1756809443,137
1756809448,138
1756809453,139
1756809458,140
1756809463,141
1756809468,142
1756809473,143
1756809478,144
1756809483,145
1756809488,146
1756809493,147
1756809498,148
1756809503,149
1756809508,150
1756809513,151
1756809518,152
1756809523,153
1756809528,154
1756809533,155
1756809538,156
1756809543,157
1756809548,158
1756809553,159
1756809558,160
1756809563,161
1756809568,162
1756809573,163
1756809578,164
1756809583,165
1756809588,166
1756809593,167
1756809598,168
1756809603,169
1756809608,170
1756809613,171
1756809618,172
1756809623,173
1756809628,174
1756809633,175
1756809638,176
1756809643,177
1756809648,178
1756809653,179
1756809658,180
1756809663,181
1756809668,182
1756809673,183
1756809678,184
1756809683,185
1756809688,186
1756809693,187
1756809698,188
1756809703,189
1756809708,190
1756809713,191
1756809718,192
1756809723,193
1756809728,194
1756809733,195
1756809738,196
1756809743,197
1756809748,198
1756809753,199
1756809758,200
1756809763,201
1756809768,202
1756809773,203
1756809778,204
1756809783,205
1756809788,206
1756809793,207
1756809798,208
1756809803,209
1756809808,210
1756809813,211
1756809818,212
1756809823,213
1756809828,214
1756809833,215
1756809838,216
1756809843,217
1756809848,218
1756809853,219
1756809858,220
1756809863,221
1756809868,222
1756809873,223
1756809878,224
1756809883,225
1756809888,226
1756809893,227
1756809898,228
1756809903,229
1756809908,230
1756809913,231
1756809918,232
1756809923,233
1756809928,234
1756809933,235
1756809938,236
1756809943,237
1756809948,238
1756809953,239
1756809958,240
1756809963,241
1756809968,242
1756809973,243
1756809978,244
1756809983,245
1756809988,246
1756809993,247
1756809998,248
1756810003,249
1756810008,250
1756810013,251
1756810018,252
1756810023,253
1756810028,254
1756810033,255
1756810038,256
1756810043,257
1756810048,258
1756810053,259
1756810058,260
1756810063,261
1756810068,262
1756810073,263
1756810078,264
1756810083,265
1756810088,266
1756810093,267
1756810098,268
1756810103,269
1756810108,270
1756810113,271
1756810118,272
1756810123,273
1756810128,274
1756810133,275
1756810138,276
1756810143,277
1756810148,278
1756810153,279
1756810158,280
1756810164,281
1756810169,282
1756810174,283
1756810179,284
1756810184,285
1756810189,286
1756810194,287
1756810199,288
1756810204,289
1756810209,290
1756810214,291
1756810219,292
1756810224,293
1756810229,294
1756810234,295
1756810239,296
1756810244,297
1756810249,298
1756810254,299
1756810259,300
1756810264,301
1756810269,302
1756810274,303
1756810279,304
1756810284,305
1756810289,306
1756810294,307
1756810299,308
1756810304,309
1756810309,310
1756810314,311
1756810319,312
1756810324,313
1756810329,314
1756810334,315
1756810339,316
1756810344,317
1756810349,318
1756810354,319
1756810359,320
1756810364,321
1756810369,322
1756810374,323
1756810379,324
1756810384,325
1756810389,326
1756810394,327
1756810399,328
1756810404,329
1756810409,330
1756810414,331
1756810419,332
1756810424,333
1756810429,334
1756810434,335
1756810439,336
1756810444,337
1756810449,338
1756810454,339
1756810459,340
1756810464,341
1756810469,342
1756810474,343
1756810479,344
1756810484,345
1756810489,346
1756810494,347
1756810499,348
1756810504,349
1756810509,350
1756810514,351
1756810519,352
1756810524,353
1756810529,354
1756810534,355
1756810539,356
1756810544,357
1756810549,358
1756810554,359
1756810559,360
1756810564,361
1756810569,362
1756810574,363
1756810579,364
1756810584,365
1756810589,366
1756810594,367
1756810599,368
1756810604,369
1756810609,370
1756810614,371
1756810619,372
1756810624,373
1756810629,374
1756810634,375
1756810639,376
1756810644,377
1756810649,378
1756810654,379
1756810659,380
1756810664,381
1756810669,382
1756810674,383
1756810679,384
1756810684,385
1756810689,386
1756810694,387
1756810699,388
1756810704,389
1756810709,390
1756810714,391
1756810719,392
1756810724,393
1756810729,394
1756810734,395
1756810739,396
1756810744,397
1756810749,398
1756810754,399
1756810759,400
1756810764,401
1756810769,402
1756810774,403
1756810779,404
1756810784,405
1756810789,406
1756810794,407
1756810799,408
1756810804,409
1756810809,410
1756810814,411
1756810819,412
1756810824,413
1756810829,414
1756810834,415
1756810839,416
1756810844,417
1756810849,418
1756810854,419
1756810859,420
1756810864,421
1756810869,422
1756810874,423
1756810879,424
1756810884,425
1756810889,426
1756810894,427
1756810899,428
1756810904,429
1756810909,430
1756810914,431
1756810919,432
1756810924,433
1756810929,434
1756810934,435
1756810939,436
1756810944,437
1756810949,438
1756810954,439
1756810959,440
1756810964,441
1756810969,442
1756810974,443
1756810979,444
1756810984,445
1756810989,446
1756810994,447
1756810999,448
1756811004,449
1756811009,450
1756811014,451
1756811019,452
1756811024,453
1756811029,454
1756811034,455
1756811039,456
1756811044,457
1756811049,458
1756811054,459
1756811059,460
1756811064,461
1756811069,462
1756811074,463
1756811079,464
1756811084,465
1756811089,466
1756811094,467
1756811099,468
1756811104,469
1756811109,470
1756811114,471
1756811119,472
1756811124,473
1756811129,474
1756811134,475
1756811139,476
1756811144,477
1756811149,478
1756811154,479
1756811159,480
1756811164,481
1756811169,482
1756811174,483
1756811179,484
1756811184,485
1756811189,486
1756811194,487
1756811199,488
1756811204,489
1756811209,490
1756811214,491
1756811219,492
1756811224,493
1756811229,494
1756811234,495
1756811239,496
1756811244,497
1756811249,498
1756811254,499
1756811259,500
1756811264,501
1756811270,502
1756811275,503
1756811280,504
1756811285,505
1756811290,506
1756811295,507
1756811300,508
1756811305,509
1756811310,510
1756811315,511
1756811320,512
1756811325,513
1756811330,514
1756811335,515
1756811340,516
1756811345,517
1756811350,518
1756811355,519
1756811360,520
1756811365,521
1756811370,522
1756811375,523
1756811380,524
1756811385,525
1756811390,526
1756811395,527
1756811400,528
1756811405,529
1756811410,530
1756811415,531
1756811420,532
1756811425,533
1756811430,534
1756811435,535
1756811440,536
1756811445,537
1756811450,538
1756811455,539
1756811460,540
1756811465,541
1756811470,542
1756811475,543
1756811480,544
1756811485,545
1756811490,546
1756811495,547
1756811500,548
1756811505,549
1756811510,550
1756811515,551
1756811520,552
1756811525,553
1756811530,554
1756811535,555
1756811540,556
1756811545,557
1756811550,558
1756811555,559
1756811560,560
1756811565,561
1756811570,562
1756811575,563
1756811580,564
1756811585,565
1756811590,566
1756811595,567
1756811600,568
1756811605,569
1756811610,570
1756811615,571
1756811620,572
1756811625,573
1756811630,574
1756811635,575
1756811640,576
1756811645,577
1756811650,578
1756811655,579
1756811660,580
1756811665,581
1756811670,582
1756811675,583
1756811680,584
1756811685,585
1756811690,586
1756811695,587
1756811700,588
1756811705,589
1756811710,590
1756811715,591
1756811720,592
1756811725,593
1756811730,594
1756811735,595
1756811740,596
1756811745,597
1756811750,598
1756811755,599
1756811760,600
1756811765,601
1756811770,602
1756811775,603
1756811780,604
1756811785,605
1756811790,606
1756811795,607
1756811800,608
1756811805,609
1756811810,610
1756811815,611
1756811820,612
1756811825,613
1756811830,614
1756811835,615
1756811840,616
1756811845,617
1756811850,618
1756811855,619
1756811860,620
1756811865,621
1756811870,622
1756811875,623
1756811880,624
1756811885,625
1756811890,626
1756811895,627
1756811900,628
1756811905,629
1756811910,630
1756811915,631
1756811920,632
1756811925,633
1756811930,634
1756811935,635
1756811940,636
1756811945,637
1756811950,638
1756811955,639
1756811960,640
1756811965,641
1756811970,642
1756811975,643
1756811980,644
1756811985,645
1756811990,646
1756811995,647
1756812000,648
1756812005,649
1756812010,650
1756812015,651
1756812020,652
1756812025,653
1756812030,654
1756812035,655
1756812040,656
1756812045,657
1756812050,658
1756812055,659
1756812060,660
1756812065,661
1756812070,662
1756812075,663
1756812080,664
1756812085,665
1756812090,666
1756812095,667
1756812100,668
1756812105,669
1756812110,670
1756812115,671
1756812120,672
1756812125,673
1756812130,674
1756812135,675
1756812140,676
1756812145,677
1756812150,678
1756812155,679
1756812160,680
1756812165,681
1756812170,682
1756812175,683
1756812180,684
1756812185,685
1756812190,686
1756812195,687
1756812200,688
1756812205,689
1756812210,690
1756812215,691
1756812220,692
1756812225,693
1756812230,694
1756812235,695
1756812240,696
1756812245,697
1756812250,698
1756812255,699
1756812260,700
1756812265,701
1756812270,702
1756812275,703
1756812280,704
1756812285,705
1756812290,706
1756812295,707
1756812300,708
1756812305,709
1756812310,710
1756812316,711
1756812321,712
1756812326,713
1756812331,714
1756812336,715
1756812341,716
1756812346,717
1756812351,718
1756812356,719
1756812361,720
1756812366,721
1756812371,722
1756812376,723
1756812381,724
1756812386,725
1756812391,726
1756812396,727
1756812401,728
1756812406,729
1756812411,730
1756812416,731
1756812421,732
1756812426,733
1756812431,734
1756812436,735
1756812441,736
1756812446,737
1756812451,738
1756812456,739
1756812461,740
1756812466,741
1756812471,742
1756812476,743
1756812481,744
1756812486,745
1756812491,746
1756812496,747
1756812501,748
1756812506,749
1756812511,750
1756812516,751
1756812521,752
1756812526,753
1756812531,754
1756812536,755
1756812541,756
1756812546,757
1756812551,758
1756812556,759
1756812561,760
1756812566,761
1756812571,762
1756812576,763
1756812581,764
1756812586,765
1756812591,766
1756812596,767
1756812601,768
1756812606,769
1756812611,770
1756812616,771
1756812621,772
1756812626,773
1756812631,774
1756812636,775
1756812641,776
1756812646,777
1756812651,778
1756812656,779
1756812661,780
1756812666,781
1756812671,782
1756812676,783
1756812681,784
1756812686,785
1756812691,786
1756812696,787
1756812701,788
1756812706,789
1756812711,790
1756812716,791
1756812721,792
1756812726,793
1756812731,794
1756812736,795
1756812741,796
1756812746,797
1756812751,798
1756812756,799
1756812761,800
1756812766,801
1756812771,802
1756812776,803
1756812781,804
1756812786,805
1756812791,806
1756812796,807
1756812801,808
1756812806,809
1756812811,810
1756812816,811
1756812821,812
1756812826,813
1756812831,814
1756812836,815
1756812841,816
1756812846,817
1756812851,818
1756812856,819
1756812861,820
1756812866,821
1756812871,822
1756812876,823
1756812881,824
1756812886,825
1756812891,826
1756812896,827
1756812901,828
1756812906,829
1756812911,830
1756812916,831
1756812921,832
1756812926,833
1756812931,834
1756812936,835
1756812941,836
1756812946,837
1756812951,838
1756812956,839
1756812961,840
1756812966,841
1756812971,842
1756812976,843
1756812981,844
1756812986,845
1756812991,846
1756812996,847
1756813001,848
1756813006,849
1756813011,850
1756813016,851
1756813021,852
1756813026,853
1756813031,854
1756813036,855
1756813041,856
1756813046,857
1756813051,858
1756813056,859
1756813061,860
1756813066,861
1756813071,862
1756813076,863
1756813081,864
1756813086,865
1756813091,866
1756813096,867
1756813101,868
1756813106,869
1756813111,870
1756813116,871
1756813121,872
1756813126,873
1756813131,874
1756813136,875
1756813141,876
1756813146,877
1756813151,878
1756813156,879
1756813161,880
1756813166,881
1756813171,882
1756813176,883
1756813181,884
1756813186,885
1756813191,886
1756813196,887
1756813201,888
1756813206,889
1756813211,890
1756813216,891
1756813221,892
1756813226,893
1756813231,894
1756813236,895
1756813241,896
1756813246,897
1756813251,898
1756813256,899
1756813261,900
1756813266,901
1756813271,902
1756813276,903
1756813281,904
1756813286,905
1756813291,906
1756813296,907
1756813301,908
1756813306,909
1756813311,910
1756813316,911
1756813321,912
1756813326,913
1756813332,914
1756813337,915
1756813342,916
1756813347,917
1756813352,918
1756813357,919
1756813362,920
1756813367,921
1756813372,922
1756813377,923
1756813382,924
1756813387,925
1756813392,926
1756813397,927
1756813402,928
1756813407,929
1756813412,930
1756813417,931
1756813422,932
1756813427,933
1756813432,934
1756813437,935
1756813442,936
1756813447,937
1756813452,938
1756813457,939
1756813462,940
1756813467,941
1756813472,942
1756813477,943
1756813482,944
1756813487,945
1756813492,946
1756813497,947
1756813502,948
1756813507,949
1756813512,950
1756813517,951
1756813522,952
1756813527,953
1756813532,954
1756813537,955
1756813542,956
1756813547,957
1756813552,958
1756813557,959
1756813562,960
1756813567,961
1756813572,962
1756813577,963
1756813582,964
1756813587,965
1756813592,966
1756813597,967
1756813602,968
1756813607,969
1756813612,970
1756813617,971
1756813622,972
1756813627,973
1756813632,974
1756813637,975
1756813642,976
1756813647,977
1756813652,978
1756813657,979
1756813662,980
1756813667,981
1756813672,982
1756813677,983
1756813682,984
1756813687,985
1756813692,986
1756813697,987
1756813702,988
1756813707,989
1756813712,990
1756813717,991
1756813722,992
1756813727,993
1756813732,994
1756813737,995
1756813742,996
1756813747,997
1756813752,998
1756813757,999
1756813762,1000
1756813767,1001
1756813772,1002
1756813777,1003
1756813782,1004
1756813787,1005
1756813792,1006
1756813797,1007
1756813802,1008
1756813807,1009
1756813812,1010
1756813817,1011
1756813822,1012
1756813827,1013
1756813832,1014
1756813837,1015
1756813842,1016
1756813847,1017
1756813852,1018
1756813857,1019
1756813862,1020
1756813867,1021
1756813872,1022
1756813877,1023
1756813882,1024
1756813887,1025
1756813892,1026
1756813897,1027
1756813902,1028
1756813907,1029
1756813912,1030
1756813917,1031
1756813922,1032
1756813927,1033
1756813932,1034
1756813937,1035
1756813942,1036
1756813947,1037
1756813952,1038
1756813957,1039
1756813962,1040
1756813967,1041
1756813972,1042
1756813977,1043
1756813982,1044
1756813987,1045
1756813992,1046
1756813997,1047
1756814002,1048
1756814007,1049
1756814012,1050
1756814017,1051
1756814022,1052
1756814027,1053
1756814032,1054
1756814037,1055
1756814042,1056
1756814047,1057
1756814052,1058
1756814057,1059
1756814062,1060
1756814067,1061
1756814072,1062
1756814077,1063
1756814082,1064
1756814087,1065
1756814092,1066
1756814097,1067
1756814102,1068
1756814107,1069
1756814112,1070
1756814117,1071
1756814122,1072
1756814127,1073
1756814132,1074
1756814137,1075
1756814142,1076
1756814147,1077
1756814152,1078
1756814157,1079
1756814162,1080
1756814167,1081
1756814172,1082
1756814177,1083
1756814182,1084
1756814187,1085
1756814192,1086
1756814197,1087
1756814202,1088
1756814207,1089
1756814212,1090
1756814217,1091
1756814222,1092
1756814227,1093
1756814232,1094
1756814237,1095
1756814242,1096
1756814247,1097
1756814252,1098
1756814257,1099
1756814262,1100
1756814267,1101
1756814272,1102
1756814277,1103
1756814282,1104
1756814287,1105
1756814292,1106
1756814297,1107
1756814302,1108
1756814307,1109
1756814312,1110
1756814317,1111
1756814322,1112
1756814327,1113
1756814332,1114
1756814337,1115
1756814342,1116
1756814347,1117
1756814352,1118
1756814357,1119
1756814362,1120
1756814367,1121
1756814372,1122
1756814377,1123
1756814382,1124
1756814387,1125
1756814392,1126
1756814397,1127
1756814402,1128
1756814407,1129
1756814412,1130
1756814417,1131
1756814422,1132
1756814427,1133
1756814432,1134
1756814437,1135
1756814442,1136
1756814447,1137
1756814452,1138
1756814457,1139
1756814462,1140
1756814467,1141
1756814472,1142
1756814478,1143
1756814483,1144
1756814488,1145
1756814493,1146
1756814498,1147
1756814503,1148
1756814508,1149
1756814513,1150
1756814518,1151
1756814523,1152
1756814528,1153
1756814533,1154
1756814538,1155
1756814543,1156
1756814548,1157
1756814553,1158
1756814558,1159
1756814563,1160
1756814568,1161
1756814573,1162
1756814578,1163
1756814583,1164
1756814588,1165
1756814593,1166
1756814598,1167
1756814603,1168
1756814608,1169
1756814613,1170
1756814618,1171
1756814623,1172
1756814628,1173
1756814633,1174
1756814638,1175
1756814643,1176
1756814648,1177
1756814653,1178
1756814658,1179
1756814663,1180
1756814668,1181
1756814673,1182
1756814678,1183
1756814683,1184
1756814688,1185
1756814693,1186
1756814698,1187
1756814703,1188
1756814708,1189
1756814713,1190
1756814718,1191
1756814723,1192
1756814728,1193
1756814733,1194
1756814738,1195
1756814743,1196
1756814748,1197
1756814753,1198
1756814758,1199
1756814763,1200
1756814768,1201
1756814773,1202
1756814778,1203
1756814783,1204
1756814788,1205
1756814793,1206
1756814798,1207
1756814803,1208
1756814808,1209
1756814813,1210
1756814818,1211
1756814823,1212
1756814828,1213
1756814833,1214
1756814838,1215
1756814843,1216
1756814848,1217
1756814853,1218
1756814858,1219
1756814863,1220
1756814868,1221
1756814873,1222
1756814878,1223
1756814883,1224
1756814888,1225
1756814893,1226
1756814898,1227
1756814903,1228
1756814908,1229
1756814913,1230
1756814918,1231
1756814923,1232
1756814928,1233
1756814933,1234
1756814938,1235
1756814943,1236
1756814948,1237
1756814953,1238
1756814958,1239
1756814963,1240
1756814968,1241
1756814973,1242
1756814978,1243
1756814983,1244
1756814988,1245
1756814993,1246
1756814998,1247
1756815003,1248
1756815008,1249
1756815013,1250
1756815018,1251
1756815023,1252
1756815028,1253
1756815033,1254
1756815038,1255
1756815043,1256
1756815048,1257
1756815053,1258
1756815058,1259
1756815063,1260
1756815068,1261
1756815073,1262
1756815078,1263
1756815083,1264
1756815088,1265
1756815093,1266
1756815098,1267
1756815103,1268
1756815108,1269
1756815113,1270
1756815118,1271
1756815123,1272
1756815128,1273
1756815133,1274
1756815138,1275
1756815143,1276
1756815148,1277
1756815153,1278
1756815158,1279
1756815163,1280
1756815168,1281
1756815173,1282
1756815178,1283
1756815183,1284
1756815188,1285
1756815193,1286
1756815198,1287
1756815203,1288
1756815208,1289
1756815213,1290
1756815218,1291
1756815223,1292
1756815228,1293
1756815233,1294
1756815238,1295
1756815243,1296
1756815248,1297
1756815253,1298
1756815258,1299
1756815263,1300
1756815268,1301
1756815273,1302
1756815278,1303
1756815283,1304
1756815288,1305
1756815293,1306
1756815298,1307
1756815303,1308
1756815308,1309
1756815313,1310
1756815318,1311
1756815323,1312
1756815328,1313
1756815333,1314
1756815338,1315
1756815343,1316
1756815348,1317
1756815353,1318
1756815358,1319
1756815363,1320
1756815368,1321
1756815373,1322
1756815378,1323
1756815383,1324
1756815388,1325
1756815393,1326
1756815398,1327
1756815403,1328
1756815408,1329
1756815413,1330
1756815418,1331
1756815423,1332
1756815428,1333
1756815433,1334
1756815438,1335
1756815443,1336
1756815448,1337
1756815453,1338
1756815458,1339
1756815463,1340
1756815468,1341
1756815473,1342
1756815478,1343
1756815483,1344
1756815488,1345
1756815493,1346
1756815498,1347
1756815503,1348
1756815508,1349
1756815513,1350
1756815518,1351
1756815523,1352
1756815528,1353
1756815533,1354
1756815538,1355
1756815543,1356
1756815548,1357
1756815553,1358
1756815558,1359
1756815563,1360
1756815568,1361
1756815573,1362
1756815578,1363
1756815583,1364
1756815588,1365
1756815593,1366
1756815599,1367
1756815604,1368
1756815609,1369
1756815614,1370
1756815619,1371
1756815624,1372
1756815629,1373
1756815634,1374
1756815639,1375
1756815644,1376
1756815649,1377
1756815654,1378
1756815659,1379
1756815664,1380
1756815669,1381
1756815674,1382
1756815679,1383
